   1.2694130e+01  -1.1777460e+00   8.8623324e-02
   1.3203418e+01  -8.1067767e-01   8.4210440e-01
   1.3840866e+01  -2.6610745e-02   2.3143065e-01
   1.3123489e+01  -1.3202290e-01   5.1321142e-01
   1.2583997e+01   1.5437455e+00  -9.6446454e-02
   1.2638015e+01  -5.2898534e-01   6.5527187e-01
   1.3424172e+01  -1.0454281e-01   5.5131177e-01
   1.3762826e+01  -1.8671527e+00   6.4546486e-02
   1.2809961e+01  -2.1511469e+00   2.6048139e-01
   1.2173737e+01  -1.6231022e-02  -4.9074507e-01
   1.2762406e+01  -2.2461223e+00   9.3136420e-01
   1.1437264e+01  -1.7185904e+00   7.9039167e-01
   1.3279240e+01  -1.6127549e+00   1.8558596e-01
   1.3241150e+01  -1.6190885e+00  -2.3688974e-02
   1.2495465e+01  -2.2305855e+00  -8.8599798e-01
   1.2801941e+01  -2.9450713e+00  -2.1372232e-01
   1.2130576e+01  -2.6935772e+00  -4.3606397e-01
   1.3078633e+01  -2.6049717e+00  -3.4542030e-01
   1.2338442e+01  -3.8471728e+00  -1.3216565e+00
   1.3223700e+01  -3.3740180e+00   4.6710327e-01
   1.2305308e+01  -3.5044880e+00  -5.1161373e-01
   1.1888646e+01  -4.1542537e+00  -5.4366879e-01
   1.1281360e+01  -3.3102104e+00   3.2211061e-01
   1.1758156e+01  -3.3989444e+00   4.7794359e-01
   1.1514477e+01  -3.0214505e+00   5.1886812e-01
   1.1744270e+01  -4.9459147e+00   7.3585486e-01
   1.1407955e+01  -5.0055760e+00   8.5283043e-02
   1.1772936e+01  -3.8142283e+00  -3.6149061e-02
   1.0876301e+01  -4.5678409e+00  -2.4621923e-01
   1.1854401e+01  -5.3434765e+00   7.7128261e-01
   1.1044361e+01  -5.5325988e+00   9.8621270e-01
   1.2866669e+01  -6.7546619e+00  -2.5185567e-01
   1.2107006e+01  -6.0705374e+00  -5.0546339e-01
   1.1596269e+01  -4.6965992e+00   9.7179546e-01
   1.2757226e+01  -5.4381422e+00   1.7896600e+00
   1.0403558e+01  -8.2930246e+00  -3.2111983e-01
   1.1596397e+01  -6.7289135e+00   8.1793031e-01
   1.1517590e+01  -8.1482201e+00   9.3921882e-02
   1.0351924e+01  -7.3687838e+00   4.2102739e-01
   1.1925459e+01  -6.6760324e+00   1.4177155e+00
   1.0606359e+01  -7.4600892e+00   4.3300301e-01
   1.1165649e+01  -6.1389269e+00   2.5881330e-01
   1.0336193e+01  -8.0276443e+00   1.1094613e+00
   8.5910432e+00  -6.7564332e+00   7.8310358e-01
   1.0448084e+01  -6.5985153e+00   4.3409964e-01
   8.8889326e+00  -8.0413968e+00  -1.8168504e-01
   9.3710323e+00  -8.8789414e+00  -1.2368119e-01
   8.8944717e+00  -8.4973120e+00   8.2965852e-01
   9.5344197e+00  -7.4608449e+00   5.3334403e-01
   8.5434657e+00  -8.2064077e+00   7.5732658e-01
   8.2811102e+00  -8.8191245e+00   6.8708203e-01
   8.0920633e+00  -8.0776919e+00   7.7448774e-01
   9.2938718e+00  -9.4212995e+00   3.2184767e-01
   9.1369960e+00  -8.8391790e+00   2.0922844e+00
   8.7201789e+00  -7.3501960e+00   1.8520870e+00
   8.7360904e+00  -9.1068419e+00   1.7903047e+00
   8.3935761e+00  -1.0032684e+01   7.5834749e-01
   6.4305661e+00  -9.2221423e+00   9.4663105e-01
   7.7443097e+00  -1.0019754e+01   9.9794657e-02
   8.1285324e+00  -9.2885687e+00   6.3033744e-01
   6.6704145e+00  -1.0622816e+01   1.8896328e+00
   6.7212890e+00  -1.0427915e+01   5.8456638e-01
   8.5095557e+00  -1.0078775e+01   1.7805542e-01
   6.5690668e+00  -8.9086721e+00   2.3124679e+00
   8.5203888e+00  -1.1024064e+01   7.9148398e-01
   7.4739215e+00  -1.0374625e+01   1.2989522e+00
   5.3184741e+00  -1.0487921e+01   1.5058333e+00
   6.0754626e+00  -1.1357991e+01   8.8976398e-01
   5.7804275e+00  -1.0699628e+01   1.2184407e+00
   7.4967935e+00  -1.0521875e+01   6.3775403e-01
   6.6286428e+00  -1.0159959e+01   4.5649385e-01
   4.0219732e+00  -9.8284051e+00   1.3758932e+00
   5.6666532e+00  -1.1380297e+01   1.4223085e-02
   5.8088166e+00  -1.2065132e+01   5.0609294e-01
   5.5047496e+00  -1.0558717e+01   1.3652418e+00
   4.6667418e+00  -1.1347085e+01   8.2369087e-01
   4.2509012e+00  -1.1106897e+01   8.8046077e-01
   4.9114872e+00  -1.2144691e+01   1.0748295e+00
   5.2759334e+00  -1.2095900e+01   1.2764288e+00
   4.5824862e+00  -1.1519582e+01   9.2454861e-01
   2.1090633e+00  -1.1924441e+01   1.2976987e+00
   3.5228124e+00  -1.1909653e+01   1.8673007e-01
   3.0266088e+00  -1.2342462e+01   1.5158725e+00
   3.4086198e+00  -1.0679056e+01   1.3556826e+00
   2.5058849e+00  -1.2087331e+01   7.9555104e-01
   2.9438663e+00  -1.2562730e+01   1.0089623e+00
   1.8847740e+00  -1.2256498e+01   1.0021923e+00
   4.1172973e+00  -1.1459056e+01   1.3811313e+00
   2.6719287e+00  -1.1933101e+01   1.8769561e+00
   4.4606360e+00  -1.1760522e+01   1.9456249e+00
   1.5198415e+00  -1.3201467e+01   1.3781169e+00
   2.3141186e+00  -1.2082751e+01   2.5291943e+00
   1.6891784e+00  -1.1579533e+01   8.5877919e-01
   1.0299093e+00  -1.1670396e+01   4.2897702e-01
   1.0034345e+00  -1.2569608e+01   3.6114264e-01
   3.4178286e-01  -1.2403818e+01   1.2606239e+00
   1.4242304e-01  -1.1805938e+01   1.6617894e+00
   7.1331459e-01  -1.1585288e+01   2.6082823e+00
   1.7783039e-01  -1.2234433e+01   7.0692412e-01
   1.4923476e+00  -1.1862426e+01   1.1264978e+00
   8.0735531e-01  -1.1117217e+01   2.5491706e+00
  -5.3605217e-01  -1.1901592e+01   2.2150398e+00
  -7.5949322e-01  -1.2071935e+01   2.1102221e+00
  -9.1088590e-01  -1.2888448e+01   2.1210488e+00
  -4.4767422e-03  -1.1843734e+01   2.5354822e+00
  -1.0929809e+00  -1.2084431e+01   1.2769491e+00
  -1.4399762e+00  -1.2327578e+01   8.0904865e-01
  -7.7949365e-01  -1.2065355e+01   1.6203399e+00
  -2.5445462e+00  -1.2498973e+01   1.8255773e+00
  -6.9420403e-01  -1.2011088e+01   1.6229728e+00
  -1.3873567e+00  -1.1958717e+01   2.8177246e+00
  -3.1013244e+00  -1.2717612e+01   1.1878531e+00
  -3.5953281e-01  -1.1681451e+01   1.4140866e+00
  -1.8772881e+00  -1.2209860e+01   2.4193173e+00
  -1.8855619e+00  -1.1408260e+01   2.2245061e+00
  -1.8043864e+00  -1.1287189e+01   1.9044667e+00
  -3.4317223e+00  -1.2294478e+01   2.6758849e+00
  -2.0102338e+00  -1.2192495e+01   2.3764555e+00
  -2.6704039e+00  -1.2026634e+01   1.2180814e+00
  -2.6210949e+00  -1.3048707e+01   6.9410046e-01
  -3.3490953e+00  -1.0737051e+01   1.1410623e+00
  -3.4699262e+00  -1.1493397e+01   1.0168862e+00
  -3.9205036e+00  -1.1580830e+01   1.1187525e+00
  -5.1078164e+00  -1.2110490e+01   1.8810108e+00
  -4.9446707e+00  -1.0574255e+01   1.4603851e+00
  -4.6084191e+00  -1.0852857e+01   1.3308407e+00
  -4.0249368e+00  -1.1025963e+01   3.8950594e+00
  -4.3085092e+00  -1.2027508e+01   2.2348876e+00
  -4.2459836e+00  -1.1464597e+01   2.1296104e+00
  -5.0219122e+00  -1.1088730e+01   2.2600862e+00
  -5.8673640e+00  -1.0187715e+01   2.0562119e+00
  -4.6861236e+00  -1.1621617e+01   2.3811003e+00
  -6.5937383e+00  -1.1693470e+01   2.2497701e+00
  -5.5375966e+00  -1.1472623e+01   1.8351796e+00
  -5.8502593e+00  -1.1307165e+01   2.2178227e+00
  -6.4766667e+00  -9.4938469e+00   2.0447475e+00
  -5.5218357e+00  -1.0516399e+01   2.1693287e+00
  -5.9566355e+00  -9.3909166e+00   2.5593002e+00
  -6.4418992e+00  -1.1150269e+01   1.6355928e+00
  -6.0039461e+00  -1.0885774e+01   2.3266388e+00
  -6.4575471e+00  -1.0838870e+01   3.2859530e+00
  -8.1332382e+00  -8.8431069e+00   1.4144356e+00
  -6.7223366e+00  -8.9451390e+00   2.7777384e+00
  -6.9687072e+00  -1.0282450e+01   2.1199764e+00
  -7.5627324e+00  -1.0804997e+01   1.5617284e+00
  -7.1030080e+00  -8.3378188e+00   3.2123919e+00
  -7.7487142e+00  -8.0880093e+00   2.4388873e+00
  -8.7141216e+00  -9.1251610e+00   1.9205887e+00
  -8.9259031e+00  -9.3145039e+00   1.8428063e+00
  -7.1935494e+00  -8.7793400e+00   2.9019204e+00
  -8.0476297e+00  -7.9595607e+00   1.8657293e+00
  -7.7697130e+00  -9.9414130e+00   3.1323461e+00
  -8.3604909e+00  -9.5010233e+00   1.4873534e+00
  -8.2126904e+00  -8.2031180e+00   1.6447934e+00
  -8.6797144e+00  -7.3697847e+00   2.0295366e+00
  -8.6471051e+00  -8.7766776e+00   1.9387578e+00
  -9.7215630e+00  -6.9435316e+00   3.6576617e+00
  -8.4582228e+00  -8.1810508e+00   2.5965645e+00
  -9.1176203e+00  -8.2555646e+00   2.6791294e+00
  -8.8819691e+00  -8.4533874e+00   1.9516930e+00
  -1.0213482e+01  -7.3725344e+00   2.9079646e+00
  -1.0341006e+01  -7.4509238e+00   2.7049298e+00
  -8.4151885e+00  -7.6466518e+00   2.9556108e+00
  -1.0064587e+01  -7.1242691e+00   2.0874475e+00
  -8.6102901e+00  -6.2955355e+00   1.0246080e+00
  -9.2056023e+00  -5.1790444e+00   2.5023793e+00
  -1.0500633e+01  -5.9642498e+00   2.3085971e+00
  -9.9334619e+00  -7.3584624e+00   3.7845249e+00
  -9.7478729e+00  -5.6091069e+00   3.7222287e+00
  -1.1439372e+01  -6.6411988e+00   2.7163952e+00
  -1.0500477e+01  -5.0724413e+00   3.6204950e+00
  -1.1975820e+01  -4.3814960e+00   2.4027429e+00
  -1.0391651e+01  -4.6701834e+00   3.0822084e+00
  -1.1534876e+01  -6.3589710e+00   3.0759402e+00
  -1.1037280e+01  -6.4492062e+00   2.4164047e+00
  -1.0307281e+01  -3.0654394e+00   4.3514284e+00
  -1.1005039e+01  -2.8663742e+00   2.6360534e+00
  -1.1237906e+01  -4.0504682e+00   2.7133286e+00
  -9.9178264e+00  -3.9830587e+00   1.6528154e+00
  -1.2882521e+01  -4.0666601e+00   2.0354240e+00
  -1.1201398e+01  -4.5503995e+00   1.9310654e+00
  -1.1652034e+01  -3.1638097e+00   4.1303690e+00
  -1.0066053e+01  -3.9277266e+00   1.2876603e+00
  -1.0851626e+01  -4.1003727e+00   1.5691938e+00
  -1.0702405e+01  -3.1693780e+00   3.4331463e+00
  -1.1472822e+01  -3.1275947e+00   2.6173381e+00
  -1.2228957e+01  -2.5349969e+00   3.0530330e+00
  -1.1736886e+01  -2.1597783e+00   1.7441010e+00
  -1.1975248e+01  -2.8735485e+00   1.9878370e+00
  -1.0355926e+01  -1.6387375e+00   3.0728068e+00
  -1.1185151e+01  -1.9351418e+00   2.9286088e+00
  -1.0871195e+01  -2.3634466e+00   2.4179200e+00
  -1.1371437e+01  -2.3141403e+00   1.9302864e+00
  -1.0750645e+01  -1.9880683e+00   1.8766920e+00
  -1.1645114e+01  -1.9019284e+00   1.3339510e+00
  -1.1293277e+01   1.3916554e-01   3.3222027e+00
  -1.1746210e+01  -9.3414499e-01   3.1180011e+00
  -1.0048669e+01  -9.5131732e-01   3.7268917e+00
  -1.1489412e+01  -1.4661697e+00   3.2818487e+00
  -1.0689367e+01  -2.0765811e+00   2.2917464e+00
  -1.1480682e+01  -7.0308324e-01   2.6131305e+00
  -1.1450992e+01   6.9887226e-01   2.7180239e+00
  -1.0385059e+01  -5.7544430e-01   3.5977045e+00
  -1.2355457e+01  -6.1336218e-01   2.8062591e+00
  -1.1271931e+01   1.3232250e+00   3.2193754e+00
  -1.2093151e+01   1.3865957e+00   3.5623905e+00
  -1.1491825e+01   6.2629002e-01   2.5933715e+00
  -1.2656038e+01  -2.5766393e-01   2.3901386e+00
  -1.1648562e+01   1.0174497e+00   3.3823663e+00
  -1.2232263e+01   1.3886214e+00   3.5219800e+00
  -1.1686541e+01   1.1375667e+00   3.1892133e+00
  -1.0541117e+01   2.8719158e+00   3.6020493e+00
  -1.1607460e+01   1.9024223e+00   2.7531331e+00
  -1.1877996e+01   7.8033316e-01   1.9508342e+00
  -1.1257087e+01   2.2509160e+00   3.4444402e+00
  -1.0357008e+01   4.3161541e+00   3.7447436e+00
  -1.0708574e+01   3.3848825e+00   3.6804080e+00
  -1.0083094e+01   2.5090334e+00   3.4696546e+00
  -1.1463872e+01   2.1037093e+00   2.9563635e+00
  -1.0424406e+01   2.6897653e+00   2.0805995e+00
  -1.0196223e+01   4.0574342e+00   3.3547711e+00
  -1.0791038e+01   2.9174995e+00   3.8045317e+00
  -9.8453302e+00   4.3996538e+00   3.2590376e+00
  -1.0566895e+01   3.9292699e+00   3.0678695e+00
  -1.0558053e+01   3.7345209e+00   3.8243555e+00
  -9.9511665e+00   4.2573283e+00   2.7503464e+00
  -8.8616049e+00   3.3420380e+00   3.8574546e+00
  -1.0101202e+01   5.7644690e+00   3.3056711e+00
  -9.3396777e+00   3.9433776e+00   3.6824966e+00
  -9.8440798e+00   3.6281563e+00   3.9678590e+00
  -9.9417551e+00   6.7905816e+00   3.3937050e+00
  -9.8409153e+00   5.7519052e+00   3.2411036e+00
  -1.0762409e+01   3.9558407e+00   4.4435718e+00
  -9.6305080e+00   6.2453113e+00   3.2916402e+00
  -9.2602498e+00   6.5309279e+00   4.0385241e+00
  -8.5406896e+00   6.0017646e+00   3.7754071e+00
  -9.2385995e+00   5.7785080e+00   3.2824448e+00
  -9.1787656e+00   6.7471310e+00   4.8473481e+00
  -1.0007577e+01   6.3989273e+00   2.9648537e+00
  -8.5952694e+00   5.8386706e+00   3.8460192e+00
  -9.5598500e+00   6.5273699e+00   4.2136709e+00
  -8.8830955e+00   8.3581141e+00   2.8462556e+00
  -8.2685175e+00   7.0832436e+00   3.1802659e+00
  -9.4070934e+00   6.5796905e+00   3.7611843e+00
  -9.0466975e+00   5.4311716e+00   4.9738359e+00
  -8.4420300e+00   6.3137100e+00   4.3667882e+00
  -8.3799557e+00   7.2986008e+00   4.9768924e+00
  -8.9716840e+00   8.2893518e+00   4.5944498e+00
  -8.5399273e+00   7.4155138e+00   4.8522392e+00
  -8.1906151e+00   7.5294776e+00   4.1304126e+00
  -9.2915611e+00   7.3339844e+00   4.9523732e+00
  -8.0371949e+00   9.7144996e+00   2.7709144e+00
  -8.1832264e+00   8.1909321e+00   4.9824206e+00
  -8.1258928e+00   7.4529684e+00   4.8004517e+00
  -7.7750480e+00   8.3332335e+00   4.7972721e+00
  -7.4301858e+00   9.3721787e+00   3.0486439e+00
  -6.5029293e+00   8.7453820e+00   3.6767117e+00
  -5.4235693e+00   9.7910574e+00   4.5692978e+00
  -7.1202149e+00   8.7447226e+00   4.4891361e+00
  -7.5593622e+00   8.1777484e+00   5.0782600e+00
  -5.7801836e+00   9.7339186e+00   3.9076569e+00
  -6.9412665e+00   8.4452824e+00   3.8985890e+00
  -5.5621043e+00   7.7699405e+00   3.8105896e+00
  -6.2464062e+00   9.4493590e+00   3.3916159e+00
  -6.5146791e+00   8.9555826e+00   4.1282955e+00
  -5.2942627e+00   1.0567367e+01   3.4992911e+00
  -6.3531877e+00   9.5755941e+00   4.8059217e+00
  -5.5959312e+00   9.1666955e+00   5.2152855e+00
  -6.1445673e+00   9.8821470e+00   5.5264730e+00
  -5.4249478e+00   8.7006166e+00   5.8822485e+00
  -5.2234920e+00   1.0340027e+01   4.1450124e+00
  -4.0098809e+00   9.9215824e+00   3.9042165e+00
  -4.8853013e+00   9.6192886e+00   5.2431299e+00
  -4.4385872e+00   9.9537957e+00   3.8148747e+00
  -5.5416882e+00   1.0156880e+01   5.2807272e+00
  -2.4031362e+00   9.5418309e+00   4.5034857e+00
  -4.4116233e+00   1.0947356e+01   3.8578918e+00
  -4.1043802e+00   9.4946563e+00   4.1928888e+00
  -3.3813668e+00   1.0111811e+01   4.3086532e+00
  -4.8119612e+00   8.9698332e+00   4.5756137e+00
  -3.3537852e+00   1.0350455e+01   4.9729737e+00
  -4.0511975e+00   9.5619125e+00   4.5983114e+00
  -3.1327727e+00   1.0097387e+01   4.2434693e+00
  -2.7021893e+00   9.8181388e+00   4.2706360e+00
  -2.8300160e+00   1.0485364e+01   5.4934639e+00
  -3.7717930e+00   9.9973303e+00   5.4323654e+00
  -1.0016078e+00   1.0582205e+01   3.2709916e+00
  -2.3167142e+00   1.0743233e+01   4.4070806e+00
  -2.3874803e+00   9.1647116e+00   3.4144893e+00
  -1.9329893e+00   1.0298406e+01   3.3230556e+00
  -2.9015290e+00   1.0928881e+01   4.2386419e+00
  -1.4038251e+00   1.0627783e+01   4.2115952e+00
  -1.5044758e+00   1.1098257e+01   4.6638398e+00
  -1.5827456e+00   9.8788489e+00   5.4791228e+00
  -8.2942641e-01   8.7678840e+00   3.0800935e+00
  -1.0827429e+00   1.1347570e+01   5.0887000e+00
   1.2265279e+00   9.7672602e+00   4.7449461e+00
  -2.8046566e-01   1.0242084e+01   5.0069430e+00
   3.4388179e-01   1.1215885e+01   5.2587809e+00
  -9.9670722e-01   1.0860148e+01   4.2654412e+00
  -1.7413075e-01   1.0540751e+01   3.8857756e+00
  -1.5564195e-02   1.1080994e+01   6.0317548e+00
   5.7894224e-02   1.1780829e+01   4.4432173e+00
  -9.1894758e-01   1.0131890e+01   4.3128853e+00
   4.3958291e-01   9.6994848e+00   4.6253384e+00
   1.1458181e+00   1.0841324e+01   5.5704068e+00
   1.4376217e+00   9.7385138e+00   5.0751642e+00
   4.1891094e-01   9.8792441e+00   4.8723212e+00
   8.8043853e-01   1.0197149e+01   5.1735526e+00
   1.3140711e+00   1.0952668e+01   4.4302793e+00
   2.2667600e+00   9.8661059e+00   4.3372341e+00
   1.1254027e+00   1.0216231e+01   3.7933291e+00
   2.2372174e+00   1.0001742e+01   5.5480990e+00
   3.0478845e+00   1.0643756e+01   4.5918221e+00
   2.0600133e+00   9.6280844e+00   4.9126508e+00
   2.0233543e+00   1.1062019e+01   4.5414128e+00
   2.2700066e+00   1.0238501e+01   4.9201412e+00
   2.0998784e+00   9.4164507e+00   5.4503564e+00
   2.9721403e+00   1.0848141e+01   6.6673876e+00
   2.5351707e+00   1.0253864e+01   5.6341310e+00
   3.5575206e+00   1.0602242e+01   5.7855120e+00
   3.1665181e+00   1.1067589e+01   5.1466391e+00
   3.8091245e+00   8.7543961e+00   5.1496789e+00
   2.8982769e+00   9.4561304e+00   3.5190640e+00
   1.9604545e+00   9.9364602e+00   4.9655869e+00
   3.5424451e+00   9.0118770e+00   5.6118569e+00
   3.9928807e+00   7.6618270e+00   4.9993433e+00
   4.4064186e+00   1.0184725e+01   4.9870119e+00
   3.5866623e+00   9.9108205e+00   4.7169434e+00
   4.4072970e+00   8.2692319e+00   5.4742022e+00
   3.0901483e+00   1.0250075e+01   6.1670034e+00
   4.4042591e+00   8.8294832e+00   5.9071571e+00
   4.3793641e+00   8.9892185e+00   6.1733530e+00
   4.9236043e+00   1.0603739e+01   4.6181735e+00
   4.3287437e+00   1.0482118e+01   4.7276783e+00
   5.1118148e+00   8.7031943e+00   5.9589160e+00
   5.7490916e+00   7.8758235e+00   5.4556950e+00
   7.2892314e+00   8.8029447e+00   5.5962837e+00
   3.9469376e+00   8.2735054e+00   4.9391661e+00
   5.5548214e+00   9.4699438e+00   4.1366875e+00
   6.3274044e+00   6.9011605e+00   3.6917115e+00
   5.8093444e+00   9.2659751e+00   5.7345983e+00
   5.9441726e+00   8.3316329e+00   6.7085423e+00
   6.9947940e+00   8.1052799e+00   5.1090010e+00
   6.1303642e+00   8.6633086e+00   4.4759056e+00
   7.0976306e+00   8.9036226e+00   6.9346867e+00
   6.1555335e+00   6.7419373e+00   5.2684756e+00
   7.0313323e+00   7.5962713e+00   6.0006516e+00
   5.6830082e+00   8.6335855e+00   6.1115204e+00
   7.0313642e+00   8.7142997e+00   5.8393386e+00
   6.8957595e+00   8.3994276e+00   5.3287904e+00
   6.5686213e+00   7.1406387e+00   6.6878715e+00
   8.3482830e+00   6.5060053e+00   5.5661941e+00
   7.4265541e+00   8.8376476e+00   5.7173156e+00
   8.6568884e+00   7.1642956e+00   5.3049391e+00
   7.0802453e+00   7.0247303e+00   6.1133422e+00
   7.3606425e+00   7.4509217e+00   5.3585378e+00
   7.7673836e+00   5.6378218e+00   6.7247351e+00
   7.8638679e+00   5.3474964e+00   3.6040994e+00
   7.9506966e+00   6.7163600e+00   5.8113035e+00
   8.5679598e+00   7.2341654e+00   5.3221382e+00
   7.5755107e+00   5.9803782e+00   6.1055054e+00
   7.1203653e+00   6.4743875e+00   6.3434153e+00
   8.1799447e+00   5.9554689e+00   5.8687441e+00
   7.7654754e+00   5.9423678e+00   6.2015819e+00
   8.3475422e+00   6.0852413e+00   5.2381974e+00
   8.3925198e+00   6.5792924e+00   4.5736778e+00
   8.8359685e+00   4.8176774e+00   5.8775829e+00
   9.5645133e+00   5.6213826e+00   6.6444906e+00
   7.9639889e+00   6.1401435e+00   5.4466235e+00
   1.0530551e+01   4.9873520e+00   6.3882489e+00
   8.2309805e+00   4.1725432e+00   4.4856151e+00
   9.6426072e+00   4.1958482e+00   5.3840723e+00
   9.0117096e+00   4.7674940e+00   6.3376719e+00
   8.8792890e+00   4.8906831e+00   6.4209545e+00
   8.7808288e+00   3.6922744e+00   6.2970815e+00
   9.4096956e+00   3.4972211e+00   6.7409141e+00
   9.2101470e+00   4.2457605e+00   5.8688077e+00
   8.3539879e+00   3.0819975e+00   6.0018663e+00
   8.2524856e+00   4.3240622e+00   6.1468335e+00
   9.4485571e+00   2.8822793e+00   5.0014801e+00
   1.0046955e+01   2.8090575e+00   6.5748613e+00
   1.1889654e+01   3.5379234e+00   6.8738431e+00
   9.0011605e+00   3.8261841e+00   5.5318756e+00
   9.8249397e+00   3.7277415e+00   5.8011055e+00
   1.0528116e+01   1.4953219e+00   5.6460034e+00
   1.0533051e+01   2.4885033e+00   6.5832752e+00
   9.1006847e+00   3.6437803e+00   6.0221405e+00
   1.1533050e+01   1.8401042e+00   4.9327883e+00
   9.2691468e+00   2.5952655e+00   6.9475841e+00
   1.0032256e+01   1.2105225e+00   5.8920323e+00
   1.0363808e+01   1.3192377e+00   7.6084455e+00
   1.0089521e+01   1.0930821e+00   6.0859681e+00
   1.0113384e+01   1.5015348e+00   6.6823821e+00
   9.7176864e+00   2.0045314e+00   7.2419646e+00
   1.0715285e+01   7.5310668e-01   5.8218423e+00
   9.8194967e+00   2.3718028e+00   6.3548104e+00
   1.0000391e+01   9.7790382e-01   5.1230747e+00
   8.1911553e+00  -6.6032843e-01   7.0674922e+00
   9.6092239e+00   3.2913245e-01   6.0472760e+00
   1.1055873e+01   3.2336205e-01   7.0377515e+00
   9.7681987e+00   1.3296804e-01   5.9626813e+00
   9.4199370e+00  -1.3614302e+00   5.2752281e+00
   1.0047907e+01  -2.5640799e-01   5.5873379e+00
   1.0823607e+01   6.1302756e-01   5.9798748e+00
   9.6369540e+00  -5.3265175e-03   6.2408056e+00
   9.2159067e+00  -7.7444016e-01   5.5394055e+00
   9.3313302e+00   3.4137330e-01   6.4537935e+00
   9.2201776e+00  -8.4283305e-01   5.8896705e+00
   9.2898852e+00  -9.2603622e-01   6.0430706e+00
   9.2555886e+00  -2.5316037e+00   5.6928935e+00
   1.0908673e+01  -3.9483755e-02   5.7172314e+00
   9.5801969e+00  -1.4854313e+00   6.1296255e+00
   1.0957015e+01  -1.1339737e+00   6.0018977e+00
   8.7777574e+00  -1.4626254e+00   6.4872221e+00
   9.2366870e+00  -9.6986430e-01   6.7218052e+00
   9.2810827e+00  -2.4027454e+00   6.7501710e+00
   9.4669833e+00  -2.2283793e+00   6.3997660e+00
   8.7914223e+00  -2.2936729e+00   5.4284576e+00
   9.3594554e+00  -2.2094513e+00   6.7568255e+00
   8.4263633e+00  -4.0357490e+00   6.0369984e+00
   7.9132613e+00  -3.1856712e+00   5.9443698e+00
   9.6422090e+00  -3.4917859e+00   7.0116111e+00
   8.2444383e+00  -4.3495168e+00   5.8943985e+00
   9.6592690e+00  -2.1855938e+00   6.1647084e+00
   9.1040730e+00  -3.1374697e+00   7.0946673e+00
   9.3349090e+00  -3.4919514e+00   6.9650942e+00
   1.0111071e+01  -3.3336462e+00   6.5507600e+00
   8.9334336e+00  -3.2508187e+00   6.6493704e+00
   8.3660312e+00  -4.4338889e+00   6.8868602e+00
   7.8441305e+00  -3.0932982e+00   7.0136311e+00
   8.3486535e+00  -4.7247266e+00   6.0048938e+00
   9.4937939e+00  -3.6755659e+00   7.0744578e+00
   8.8892121e+00  -3.4517679e+00   7.5559867e+00
   9.6075993e+00  -5.0760534e+00   6.3029482e+00
   8.1530613e+00  -4.5547777e+00   6.4871051e+00
   9.3130623e+00  -4.9281087e+00   6.8463475e+00
   8.5717188e+00  -4.2201336e+00   6.1057751e+00
   7.2154336e+00  -4.5002569e+00   7.0402205e+00
   6.9357881e+00  -4.3299538e+00   6.4085853e+00
   7.7146961e+00  -5.6809187e+00   7.7027360e+00
   8.6446300e+00  -5.5691268e+00   6.4211898e+00
   7.7394711e+00  -5.4630107e+00   7.3584250e+00
   5.3983559e+00  -4.5594391e+00   5.6588456e+00
   7.1040372e+00  -6.7232990e+00   6.3492156e+00
   6.6776430e+00  -6.7108897e+00   7.3891087e+00
   6.8009411e+00  -6.7899922e+00   5.2969755e+00
   6.9511036e+00  -5.8622046e+00   7.6155766e+00
   7.7305562e+00  -6.6356999e+00   6.4220890e+00
   8.1663602e+00  -8.0275931e+00   7.8406774e+00
   6.5494263e+00  -7.2956957e+00   7.0840271e+00
   6.2660981e+00  -6.9182815e+00   7.4769977e+00
   7.1279005e+00  -7.6090211e+00   7.7418866e+00
   6.2558830e+00  -7.5492841e+00   5.2108588e+00
   5.7212040e+00  -6.6751511e+00   6.5679296e+00
   7.0173506e+00  -6.3357777e+00   7.2981586e+00
   5.7917927e+00  -7.6621438e+00   7.4736494e+00
   6.7884439e+00  -6.8726184e+00   7.5457049e+00
   5.5814432e+00  -7.7754820e+00   5.5430219e+00
   7.2928467e+00  -7.8709601e+00   7.3902258e+00
   5.4077407e+00  -7.8997641e+00   7.2937172e+00
   5.9128058e+00  -7.5799758e+00   7.8529703e+00
   5.3388372e+00  -6.6969678e+00   6.4988449e+00
   5.6001733e+00  -8.5488309e+00   6.6584215e+00
   4.8355869e+00  -7.2654481e+00   6.9955525e+00
   3.9578343e+00  -7.8050023e+00   7.3662975e+00
   5.5266235e+00  -9.2885471e+00   7.7023919e+00
   5.2234879e+00  -6.9422009e+00   7.2756227e+00
   5.0109140e+00  -7.9615353e+00   6.6448790e+00
   5.2124039e+00  -9.0125353e+00   6.6919908e+00
   2.5852786e+00  -9.5884027e+00   6.6733434e+00
   3.2604038e+00  -8.8298183e+00   7.1140271e+00
   3.7339992e+00  -9.4600412e+00   7.1256175e+00
   4.8238897e+00  -8.5276747e+00   6.5983529e+00
   4.3221531e+00  -8.5015129e+00   7.5001779e+00
   4.1648180e+00  -8.5086110e+00   6.6540154e+00
   3.4026403e+00  -8.2834418e+00   7.4817596e+00
   3.6129273e+00  -9.1632366e+00   6.2483558e+00
   3.4120761e+00  -8.0384581e+00   7.4697324e+00
   3.9045143e+00  -8.6053728e+00   7.8849740e+00
   2.0847142e+00  -1.0122802e+01   7.2719151e+00
   2.2885581e+00  -9.6196684e+00   8.0268372e+00
   2.3046913e+00  -8.6269554e+00   7.8336965e+00
   2.6408637e+00  -8.5056941e+00   8.7006689e+00
   1.8191765e+00  -9.2123503e+00   7.1573564e+00
   1.6909463e+00  -9.0080007e+00   9.0981211e+00
   2.7328098e+00  -9.0450549e+00   8.2686418e+00
   2.2242325e+00  -9.3755847e+00   7.3466456e+00
   2.0285862e+00  -8.5397904e+00   7.8205785e+00
   2.5049237e+00  -8.4669017e+00   6.1127136e+00
   9.4614253e-01  -9.4023983e+00   6.9887605e+00
   1.6853558e+00  -9.3446231e+00   7.9250679e+00
   2.0117369e+00  -1.0362552e+01   6.5387118e+00
   2.3468718e+00  -9.4203751e+00   7.0277346e+00
   1.1531875e+00  -8.9189525e+00   6.8406525e+00
   8.4403504e-01  -9.7698395e+00   6.8453463e+00
   1.3637432e+00  -9.7822693e+00   8.0908035e+00
   6.8357201e-01  -7.5753627e+00   6.3407134e+00
   1.1033886e+00  -8.6657240e+00   8.2966977e+00
   7.4522383e-01  -9.1526781e+00   8.5754689e+00
   5.8720415e-01  -9.1393033e+00   7.5293599e+00
   3.4640868e-02  -1.0036886e+01   7.7033184e+00
  -1.2876912e+00  -8.0353363e+00   7.5258002e+00
   5.1839199e-01  -7.6887717e+00   7.2461801e+00
  -2.3690184e-01  -9.4893546e+00   7.6335760e+00
  -7.6933259e-01  -8.7425057e+00   7.8237754e+00
  -3.4442533e-01  -8.0458938e+00   7.6407213e+00
  -2.3944971e-01  -9.2995298e+00   7.6876744e+00
  -7.5205272e-01  -9.1974421e+00   7.5203083e+00
  -1.7068831e+00  -9.7599802e+00   8.3252390e+00
  -1.0295976e+00  -1.0163805e+01   8.7860638e+00
  -1.3107301e+00  -8.4705119e+00   7.5504434e+00
  -2.2878545e+00  -9.7895293e+00   6.6426031e+00
  -1.3107804e+00  -9.9467096e+00   8.8479941e+00
  -1.8167222e+00  -7.9943722e+00   7.9724763e+00
  -1.5385302e+00  -9.1749382e+00   8.3848572e+00
  -1.6789654e+00  -8.8183367e+00   9.1924951e+00
  -1.0992321e+00  -8.9643597e+00   7.2946922e+00
  -3.1999457e+00  -8.6083893e+00   7.4760025e+00
  -2.5538003e+00  -7.8629988e+00   7.4558448e+00
  -3.9030836e+00  -8.8416201e+00   7.9236027e+00
  -2.3792372e+00  -7.4217727e+00   9.1289857e+00
  -2.8003110e+00  -8.6542862e+00   8.5113025e+00
  -2.2704331e+00  -8.1926334e+00   8.2127144e+00
  -3.2580420e+00  -9.0417815e+00   8.1271176e+00
  -2.8540378e+00  -8.3464608e+00   9.3078884e+00
  -4.1313385e+00  -8.9763063e+00   8.8891119e+00
  -2.8573311e+00  -8.1447818e+00   8.8376945e+00
  -2.1741022e+00  -8.5813834e+00   7.6441783e+00
  -1.7596170e+00  -8.5702017e+00   6.5834800e+00
  -3.6215917e+00  -8.2914113e+00   8.1955870e+00
  -5.1531953e+00  -7.7775204e+00   8.2202801e+00
  -5.8649540e+00  -9.6788717e+00   8.8433843e+00
  -4.5557913e+00  -7.9931305e+00   7.5044638e+00
  -4.0966724e+00  -8.5818836e+00   9.3708601e+00
  -4.1184639e+00  -7.3205140e+00   8.8735721e+00
  -3.7661995e+00  -7.9694452e+00   8.0843213e+00
  -4.6663678e+00  -7.0162494e+00   9.1565711e+00
  -4.3198134e+00  -7.5403487e+00   9.2171396e+00
  -4.8816229e+00  -6.4915110e+00   7.5679791e+00
  -5.1728340e+00  -7.3683706e+00   8.0514958e+00
  -4.7881300e+00  -6.3621103e+00   8.2344776e+00
  -4.1484427e+00  -6.8587423e+00   9.2039227e+00
  -5.5213839e+00  -6.7010408e+00   7.2060927e+00
  -3.5961330e+00  -7.2331082e+00   8.9875667e+00
  -5.1626058e+00  -6.6763143e+00   8.5049360e+00
  -5.7788642e+00  -5.7311810e+00   9.2861564e+00
  -5.7460996e+00  -6.2612568e+00   9.6600453e+00
  -5.8185883e+00  -8.6555117e+00   9.3149700e+00
  -7.8168631e+00  -6.4991447e+00   8.5019703e+00
  -6.2384746e+00  -6.2447877e+00   8.8647488e+00
  -6.9290012e+00  -5.7961295e+00   8.9992898e+00
  -6.7423897e+00  -6.1126340e+00   8.3874480e+00
  -5.5375397e+00  -6.0421372e+00   9.1767300e+00
  -7.1833040e+00  -5.9824615e+00   7.7870405e+00
  -6.1105254e+00  -4.5634575e+00   9.1202334e+00
  -7.0460779e+00  -6.5853517e+00   9.5809290e+00
  -6.6919451e+00  -3.6246070e+00   8.6722344e+00
  -6.9748230e+00  -5.9921173e+00   9.7353236e+00
  -7.0586108e+00  -5.3865411e+00   1.0369738e+01
  -6.2731890e+00  -5.8070697e+00   1.0494661e+01
  -5.7943205e+00  -5.7906901e+00   8.9367134e+00
  -6.6420740e+00  -4.9940272e+00   9.0783439e+00
  -7.4368169e+00  -4.7076823e+00   8.7683470e+00
  -6.4488948e+00  -4.3850158e+00   9.0630924e+00
  -8.3912776e+00  -4.7737288e+00   8.1706140e+00
  -7.8045922e+00  -5.6582195e+00   9.0603542e+00
  -7.5116689e+00  -4.0191271e+00   7.6541002e+00
  -7.9336857e+00  -3.9065812e+00   9.1848885e+00
  -8.1855250e+00  -3.9433419e+00   1.0730892e+01
  -5.7318234e+00  -2.9869337e+00   9.1872149e+00
  -7.5233508e+00  -5.3547429e+00   9.7638375e+00
  -7.6973984e+00  -3.9743402e+00   9.1540019e+00
  -7.5873160e+00  -3.4061607e+00   6.9977528e+00
  -8.2440623e+00  -4.1514975e+00   9.8299016e+00
  -8.2997528e+00  -2.3141894e+00   1.0464698e+01
  -8.0375175e+00  -4.9153928e+00   8.5496567e+00
  -6.5309015e+00  -3.4789041e+00   9.1112390e+00
  -7.9864513e+00  -3.0418599e+00   8.2888579e+00
  -7.4776105e+00  -2.6994795e+00   8.2578743e+00
  -7.7156757e+00  -2.0842678e+00   1.0004758e+01
  -9.5369066e+00  -4.0557196e+00   8.6743028e+00
  -7.8978171e+00  -3.4054862e+00   8.7597478e+00
  -7.4475873e+00  -2.3648104e+00   8.6630927e+00
  -8.3650730e+00  -2.3510092e+00   1.0864898e+01
  -8.2685568e+00  -2.1181308e+00   9.8764656e+00
  -8.1198937e+00  -2.3374121e+00   8.3908867e+00
  -7.5464056e+00  -1.5322636e+00   7.3963382e+00
  -8.1309792e+00  -2.2411410e+00   9.3803865e+00
  -7.7883656e+00  -2.5116778e+00   8.9256665e+00
  -8.7259184e+00  -1.7199795e+00   9.4654327e+00
  -9.6387836e+00  -2.2495209e+00   9.8081890e+00
  -9.0357817e+00  -1.4579165e+00   9.0767125e+00
  -7.9002967e+00  -2.0455059e+00   9.7563472e+00
  -9.0569226e+00  -2.2907495e+00   9.2080301e+00
  -9.4408970e+00  -8.4545073e-01   8.7834930e+00
  -8.0829505e+00  -7.6366905e-01   9.6457771e+00
  -7.7581646e+00  -6.0025113e-01   8.7884585e+00
  -7.4829541e+00  -1.8329035e+00   9.6478357e+00
  -7.9858591e+00  -3.7204640e-01   9.3494472e+00
  -8.2461834e+00  -6.4029747e-01   1.0048219e+01
  -7.9205543e+00   1.8030381e+00   1.0017988e+01
  -8.0506896e+00  -3.2121554e-01   9.2696119e+00
  -8.1778077e+00  -6.3983132e-01   8.7027977e+00
  -8.5958691e+00   9.4626031e-01   1.0181109e+01
  -8.3676705e+00   5.2317238e-01   9.2723550e+00
  -8.4142303e+00   7.9434348e-01   8.5889133e+00
  -8.3158625e+00   8.6762543e-02   1.0034126e+01
  -8.3760561e+00   8.8098594e-01   9.5601719e+00
  -8.3753622e+00   1.1007269e+00   1.0302406e+01
  -7.8573838e+00   5.5013298e-01   9.3405592e+00
  -8.1672427e+00   1.8996918e+00   1.0046911e+01
  -8.2980732e+00   1.3408453e+00   9.5441583e+00
  -8.0929711e+00   1.1187916e+00   1.0025166e+01
  -7.2653014e+00   1.0499971e+00   1.0148348e+01
  -8.4214052e+00   7.4146450e-01   9.7274793e+00
  -7.2791499e+00   1.5790381e+00   1.1225553e+01
  -8.0521702e+00   2.4835593e+00   9.7969517e+00
  -6.6827306e+00   1.7513038e+00   9.7791476e+00
  -7.3727230e+00   2.8948114e+00   9.1866660e+00
  -7.3193457e+00   1.9228160e+00   9.3525078e+00
  -8.2526718e+00   1.6462949e+00   8.9708619e+00
  -6.7569248e+00   2.4600062e+00   9.9657268e+00
  -7.5134146e+00   1.8720753e+00   1.0259055e+01
  -8.1928545e+00   3.0818041e+00   1.0159621e+01
  -7.0318249e+00   3.1690781e+00   1.0349927e+01
  -8.0497702e+00   3.7694852e+00   8.9808442e+00
  -6.7020133e+00   3.1415550e+00   9.1888423e+00
  -6.2127972e+00   3.1368191e+00   1.0513755e+01
  -8.5885895e+00   2.6199803e+00   1.0605943e+01
  -7.1423103e+00   3.2934092e+00   9.3152408e+00
  -7.2915647e+00   4.1833643e+00   9.2105178e+00
  -6.2195579e+00   3.0869848e+00   9.1559507e+00
  -7.2538656e+00   3.4077302e+00   1.0163113e+01
  -9.1495633e+00   3.1644119e+00   9.5715011e+00
  -6.0010538e+00   2.4074735e+00   1.0857712e+01
  -4.6492586e+00   4.0145245e+00   1.0720071e+01
  -7.1149876e+00   3.7183555e+00   9.6824043e+00
  -7.5850488e+00   3.4038220e+00   8.9416680e+00
  -7.0741678e+00   4.1332872e+00   9.5219174e+00
  -5.1982796e+00   4.6768534e+00   9.2511872e+00
  -6.5689506e+00   4.1016417e+00   1.0287856e+01
  -6.0334084e+00   5.4309371e+00   9.6221408e+00
  -5.7470107e+00   4.8897445e+00   1.0853721e+01
  -5.4915011e+00   4.4802314e+00   1.1185029e+01
  -5.2300915e+00   4.8237415e+00   9.6878625e+00
  -6.1093492e+00   6.2411341e+00   1.0545105e+01
  -6.7950500e+00   5.9162980e+00   1.0532886e+01
  -5.3572208e+00   5.3139487e+00   1.0087166e+01
  -5.9192519e+00   5.4146441e+00   1.0216213e+01
  -4.9461790e+00   5.2003241e+00   1.0686139e+01
  -5.3786939e+00   6.4995110e+00   1.1632561e+01
  -3.4342009e+00   5.8375375e+00   1.0134420e+01
  -6.2431780e+00   4.6198733e+00   1.1264890e+01
  -4.8310216e+00   5.6395781e+00   8.9271353e+00
  -4.8777187e+00   6.1738658e+00   1.0125578e+01
  -6.1680515e+00   6.1001693e+00   1.0837215e+01
  -5.5039609e+00   5.4170009e+00   1.0090994e+01
  -5.0197671e+00   5.8662534e+00   1.0125117e+01
  -4.9199073e+00   5.3019802e+00   8.9592752e+00
  -2.9590070e+00   6.6320780e+00   1.0480112e+01
  -5.3169001e+00   7.3066919e+00   1.1157477e+01
  -4.3362873e+00   7.3009488e+00   1.1309274e+01
  -6.5265365e+00   7.1157903e+00   1.0423888e+01
  -3.6667377e+00   6.0231691e+00   9.9296234e+00
  -4.2540247e+00   6.7013675e+00   1.0842173e+01
  -4.7696531e+00   5.8683108e+00   8.6326727e+00
  -4.2206094e+00   6.8637759e+00   1.0790140e+01
  -4.8838890e+00   6.5361550e+00   1.0648940e+01
  -3.8023533e+00   6.7200495e+00   1.0581142e+01
  -2.9581740e+00   6.1319522e+00   9.2360740e+00
  -3.8045984e+00   7.0225467e+00   9.6965371e+00
  -3.8225356e+00   6.5660354e+00   1.1995124e+01
  -4.2144567e+00   6.1472965e+00   1.1827365e+01
  -2.1296423e+00   7.4515915e+00   9.6969629e+00
  -3.7624647e+00   8.1326507e+00   1.0454675e+01
  -2.7008061e+00   8.5240350e+00   1.1333309e+01
  -1.8158259e+00   6.2115278e+00   9.0942837e+00
  -2.6657735e+00   6.5991005e+00   1.0630148e+01
  -2.8670353e+00   7.3700382e+00   9.7967419e+00
  -1.3684141e+00   7.2401757e+00   1.1667103e+01
  -2.8223680e+00   5.5321054e+00   1.0964643e+01
  -2.6843667e+00   6.7516379e+00   1.0160095e+01
  -3.1080973e+00   7.7390833e+00   1.1229605e+01
  -3.1583014e+00   6.6104897e+00   1.0518275e+01
  -1.2446617e+00   7.7835216e+00   1.0336943e+01
  -7.3084754e-01   7.3687353e+00   1.1676516e+01
  -1.0228550e+00   7.1693404e+00   1.0387227e+01
  -1.0311536e+00   7.8212839e+00   1.0241975e+01
  -2.3335831e+00   8.1831502e+00   1.0407833e+01
   8.0403344e-01   8.4067153e+00   1.1199334e+01
  -1.4219980e+00   5.9542453e+00   1.2142633e+01
  -2.0016835e+00   7.8345184e+00   1.1379663e+01
  -2.0820687e+00   6.0668232e+00   1.1574208e+01
  -1.2871494e+00   8.2080488e+00   1.0247280e+01
  -5.5101582e-01   7.1870716e+00   1.1561000e+01
  -9.3192672e-01   7.7222852e+00   1.0705326e+01
  -1.0428208e+00   7.8125423e+00   1.2520998e+01
  -2.8663073e-01   5.7779733e+00   9.9584333e+00
  -1.7259216e+00   8.6819302e+00   1.1038584e+01
  -6.4952391e-02   6.8973490e+00   1.1431589e+01
  -1.7373509e-01   7.5870470e+00   1.0815468e+01
   5.8819608e-01   7.1896890e+00   1.0949795e+01
  -7.1893300e-01   7.3458197e+00   1.0834126e+01
  -9.2142047e-01   8.7264577e+00   9.5929709e+00
   1.2209069e-01   7.1836430e+00   1.0670518e+01
  -5.8268003e-01   5.7512020e+00   1.0799827e+01
  -6.7046484e-01   7.2456726e+00   1.2561191e+01
   2.1285228e-01   8.1942338e+00   1.1452730e+01
   1.7455259e-01   8.1096920e+00   1.1327994e+01
   1.5492294e+00   7.3973882e+00   1.0465086e+01
   2.3634586e+00   8.1416038e+00   1.1762085e+01
   2.0527120e+00   8.4851603e+00   1.0093762e+01
   6.9206833e-01   6.8509890e+00   1.0608361e+01
   4.0835578e-01   7.0874495e+00   1.0691314e+01
   2.0356191e+00   7.6368253e+00   1.0074673e+01
  -4.1904783e-02   6.5612236e+00   1.1703985e+01
   1.5779800e+00   8.3403119e+00   1.0679662e+01
   1.4802015e+00   8.0928167e+00   1.1825671e+01
   1.3507306e+00   6.8188248e+00   1.1466349e+01
   2.4107028e+00   7.7837496e+00   1.1633838e+01
   1.3402309e+00   6.7942041e+00   1.2086859e+01
   2.5025438e+00   7.0801779e+00   1.1046322e+01
   2.4124700e+00   8.0028055e+00   1.1338809e+01
   3.3614487e+00   7.4569914e+00   1.1679792e+01
   1.1392961e+00   6.0021207e+00   1.1265624e+01
   1.3292487e+00   7.8471946e+00   1.0409654e+01
   2.3446575e+00   6.2463379e+00   1.2082594e+01
   3.1906571e+00   6.6747478e+00   1.1054904e+01
   2.8426279e+00   7.6874505e+00   1.1640619e+01
   3.7217276e+00   7.6031716e+00   1.1869428e+01
   2.0642988e+00   6.2621844e+00   1.0341100e+01
   4.2999229e+00   6.2646261e+00   1.0645107e+01
   3.8217436e+00   6.5478466e+00   1.2251713e+01
   3.7488049e+00   5.9570192e+00   1.1078470e+01
   4.6068078e+00   5.5418024e+00   1.1992754e+01
   2.3652252e+00   5.9474989e+00   1.2688396e+01
   3.4458510e+00   6.0147956e+00   1.1261123e+01
   2.7951016e+00   6.6706396e+00   1.1435403e+01
   3.4662373e+00   7.4199867e+00   1.0298320e+01
   4.3104348e+00   5.4428160e+00   1.1813366e+01
   3.9936361e+00   5.9198456e+00   1.3981648e+01
   3.8538765e+00   5.2891658e+00   1.2265840e+01
   3.8670726e+00   5.5609711e+00   9.8455637e+00
   4.6798783e+00   4.8820149e+00   1.1930643e+01
   4.1113940e+00   4.7258107e+00   1.2608241e+01
   4.9566086e+00   4.8573454e+00   1.1218431e+01
   4.1563624e+00   5.9478482e+00   1.1651934e+01
   4.8096929e+00   4.9853119e+00   1.1028531e+01
   5.4608737e+00   5.2838560e+00   1.2425576e+01
   5.6506003e+00   5.5498480e+00   1.1398961e+01
   5.1360506e+00   4.6830126e+00   1.1023367e+01
   4.8047820e+00   5.6526684e+00   1.1934997e+01
   5.0492842e+00   6.3028961e+00   1.0837577e+01
   4.6221475e+00   4.4342405e+00   1.0794703e+01
   5.9789921e+00   4.5985706e+00   1.2342692e+01
   6.4576577e+00   4.6440471e+00   1.2670116e+01
   5.6161270e+00   4.4731709e+00   1.2247359e+01
   5.0301973e+00   5.2535530e+00   1.1754550e+01
   5.7330114e+00   3.1105257e+00   1.2456008e+01
   6.4344293e+00   3.4261574e+00   1.1881316e+01
   6.6966348e+00   4.3696057e+00   1.2897501e+01
   4.5441777e+00   4.4108168e+00   1.2350412e+01
   5.1461625e+00   5.2505570e+00   1.2287166e+01
   4.1314727e+00   3.1352355e+00   1.2812277e+01
   6.3687750e+00   4.1638163e+00   1.1117086e+01
   6.8460070e+00   2.2506391e+00   1.1305114e+01
   5.5485843e+00   3.9322054e+00   1.2250118e+01
   5.5472804e+00   2.7157741e+00   1.2414791e+01
   5.5073052e+00   4.0832310e+00   1.2381905e+01
   6.0803317e+00   2.7178898e+00   1.1807369e+01
   6.9385751e+00   2.6465934e+00   1.1460274e+01
   5.9070505e+00   2.0332757e+00   1.2316045e+01
   5.7234825e+00   4.7392261e+00   1.2672171e+01
   5.4667212e+00   4.5740945e+00   1.2109894e+01
   6.1271948e+00   1.6785667e+00   1.3939130e+01
   7.1164011e+00   1.2458749e+00   1.2092499e+01
   7.6624540e+00   3.0090472e+00   1.2426812e+01
   6.7684583e+00   2.5605741e+00   1.1491180e+01
   6.9301144e+00   4.2968217e+00   1.1154316e+01
   7.2718207e+00   2.2774722e+00   1.1908670e+01
   7.1848463e+00   2.5760597e+00   1.1850678e+01
   6.9420561e+00   2.3143393e+00   1.2246511e+01
   5.0231349e+00   1.4022440e+00   1.1827991e+01
   7.3300592e+00   2.1937542e+00   1.2400947e+01
   7.4799059e+00   1.3211110e+00   1.2210658e+01
   6.5185016e+00   1.6027741e+00   1.2244176e+01
   6.7047063e+00   2.4308157e+00   1.1449896e+01
   6.0921490e+00   1.1896178e+00   1.2061008e+01
   6.0553199e+00   5.7660573e-01   1.2207943e+01
   5.1504505e+00   1.1459650e-01   1.2203602e+01
   7.0566010e+00   1.7546180e+00   1.3141903e+01
   7.6084515e+00   2.0209797e+00   1.2991209e+01
   6.9411929e+00   4.9710425e-01   1.2919365e+01
   7.2154024e+00  -1.0672468e-01   1.2370356e+01
   7.2701363e+00   1.2689621e-01   1.2301360e+01
   7.0257777e+00   4.8983747e-01   1.3272702e+01
   7.6816170e+00   2.4909380e-01   1.2830502e+01
   6.3831308e+00   1.4139135e+00   1.1194218e+01
   6.2471600e+00   2.6830955e+00   1.2909075e+01
